0,0 3,1 0,1 0,2 0,3 0,3 5,4 1,4 0,4 3,4 1,5 0,5 7,5 3,5 0,5 4,5 2,5
6,1 0,1 0,1 0,2 0,2 3,3 0,4 0,6 0,6 0,7 2,7 5,8 0,9 0,9 0,9 3,9 4,10
5,1 0,1 0,11 1,2 5,12 0,3 2,4 0,4 0,6 5,6 0,6 0,8 4,9 1,9 0,9 0,10 0,10
0,13 0,13 0,11 0,11 0,12 0,14 0,15 0,15 0,6 2,6 7,8 0,8 6,16 0,16 4,16 0,10 6,17
6,18 0,19 0,20 4,11 3,12 0,14 0,21 2,15 0,15 0,8 0,8 0,8 2,16 1,16 0,16 4,17 0,17
0,18 0,20 0,20 0,11 0,12 5,22 0,21 0,21 3,23 0,24 4,24 0,24 5,24 0,25 5,25 0,17 2,17
1,18 0,18 0,26 0,12 0,12 3,22 0,22 0,23 0,23 5,23 0,27 3,24 0,24 0,25 4,25 0,28 0,17
0,29 0,18 0,26 0,30 0,22 0,22 1,22 0,31 0,32 0,23 0,27 0,33 1,34 0,34 0,25 0,28 2,28
0,29 0,18 5,30 0,30 0,35 0,35 0,36 0,31 0,32 0,37 0,37 0,33 0,38 6,38 4,28 0,28 0,39
0,29 4,40 0,30 0,30 4,36 0,36 3,36 0,31 3,32 0,41 5,41 0,33 2,33 0,38 2,38 0,28 0,39
5,40 0,40 2,40 0,42 3,42 5,42 0,36 6,43 0,32 0,32 0,41 0,44 0,44 5,45 0,38 3,38 0,39
0,46 0,40 4,42 2,42 0,42 0,43 7,43 0,43 0,32 7,41 0,41 0,44 3,45 0,45 6,39 5,39 0,39
3,46 0,46 0,47 1,48 4,48 0,43 2,43 4,43 0,49 0,41 2,41 0,44 0,45 0,45 5,50 0,50 0,50
0,46 1,46 0,47 6,47 0,48 2,48 0,51 0,52 0,49 3,49 0,53 5,53 0,54 0,54 3,50 6,55 2,50
0,56 0,56 4,47 0,47 5,51 6,51 2,51 0,52 0,52 0,52 3,53 0,53 0,54 1,54 0,55 4,55 7,55
2,56 0,57 2,47 0,47 4,51 0,51 0,58 0,59 1,59 0,60 0,60 1,53 0,54 4,61 0,61 0,55 0,62
1,56 7,56 6,56 5,56 0,58 4,58 1,58 7,58 2,58 3,58 1,60 2,60 3,60 0,61 2,61 0,55 0,55